20
 0  3  8 10 11 21 22 22 22 23 23 27 30 30 30 31 31 35 37 40 
 3  0  5  7  8 18 19 19 19 20 20 24 27 27 27 28 28 32 34 37 
 8  5  0  2  3 13 14 14 14 15 15 19 22 22 22 23 23 27 29 32 
10  7  2  0  1 11 12 12 12 13 13 17 20 20 20 21 21 25 27 30 
11  8  3  1  0 10 11 11 11 12 12 16 19 19 19 20 20 24 26 29 
21 18 13 11 10  0  1  1  1  2  2  6  9  9  9 10 10 14 16 19 
22 19 14 12 11  1  0  0  0  1  1  5  8  8  8  9  9 13 15 18 
22 19 14 12 11  1  0  0  0  1  1  5  8  8  8  9  9 13 15 18 
22 19 14 12 11  1  0  0  0  1  1  5  8  8  8  9  9 13 15 18 
23 20 15 13 12  2  1  1  1  0  0  4  7  7  7  8  8 12 14 17 
23 20 15 13 12  2  1  1  1  0  0  4  7  7  7  8  8 12 14 17 
27 24 19 17 16  6  5  5  5  4  4  0  3  3  3  4  4  8 10 13 
30 27 22 20 19  9  8  8  8  7  7  3  0  0  0  1  1  5  7 10 
30 27 22 20 19  9  8  8  8  7  7  3  0  0  0  1  1  5  7 10 
30 27 22 20 19  9  8  8  8  7  7  3  0  0  0  1  1  5  7 10 
31 28 23 21 20 10  9  9  9  8  8  4  1  1  1  0  0  4  6  9 
31 28 23 21 20 10  9  9  9  8  8  4  1  1  1  0  0  4  6  9 
35 32 27 25 24 14 13 13 13 12 12  8  5  5  5  4  4  0  2  5 
37 34 29 27 26 16 15 15 15 14 14 10  7  7  7  6  6  2  0  3 
40 37 32 30 29 19 18 18 18 17 17 13 10 10 10  9  9  5  3  0 
