22
 0  3  7 11 13 20 20 21 22 22 23 25 26 26 26 28 29 30 32 34 40 40 
 3  0  4  8 10 17 17 18 19 19 20 22 23 23 23 25 26 27 29 31 37 37 
 7  4  0  4  6 13 13 14 15 15 16 18 19 19 19 21 22 23 25 27 33 33 
11  8  4  0  2  9  9 10 11 11 12 14 15 15 15 17 18 19 21 23 29 29 
13 10  6  2  0  7  7  8  9  9 10 12 13 13 13 15 16 17 19 21 27 27 
20 17 13  9  7  0  0  1  2  2  3  5  6  6  6  8  9 10 12 14 20 20 
20 17 13  9  7  0  0  1  2  2  3  5  6  6  6  8  9 10 12 14 20 20 
21 18 14 10  8  1  1  0  1  1  2  4  5  5  5  7  8  9 11 13 19 19 
22 19 15 11  9  2  2  1  0  0  1  3  4  4  4  6  7  8 10 12 18 18 
22 19 15 11  9  2  2  1  0  0  1  3  4  4  4  6  7  8 10 12 18 18 
23 20 16 12 10  3  3  2  1  1  0  2  3  3  3  5  6  7  9 11 17 17 
25 22 18 14 12  5  5  4  3  3  2  0  1  1  1  3  4  5  7  9 15 15 
26 23 19 15 13  6  6  5  4  4  3  1  0  0  0  2  3  4  6  8 14 14 
26 23 19 15 13  6  6  5  4  4  3  1  0  0  0  2  3  4  6  8 14 14 
26 23 19 15 13  6  6  5  4  4  3  1  0  0  0  2  3  4  6  8 14 14 
28 25 21 17 15  8  8  7  6  6  5  3  2  2  2  0  1  2  4  6 12 12 
29 26 22 18 16  9  9  8  7  7  6  4  3  3  3  1  0  1  3  5 11 11 
30 27 23 19 17 10 10  9  8  8  7  5  4  4  4  2  1  0  2  4 10 10 
32 29 25 21 19 12 12 11 10 10  9  7  6  6  6  4  3  2  0  2  8  8 
34 31 27 23 21 14 14 13 12 12 11  9  8  8  8  6  5  4  2  0  6  6 
40 37 33 29 27 20 20 19 18 18 17 15 14 14 14 12 11 10  8  6  0  0 
40 37 33 29 27 20 20 19 18 18 17 15 14 14 14 12 11 10  8  6  0  0 
