20
 0 15 16 16 17 19 19 22 22 23 23 23 24 26 28 32 33 36 36 60 
15  0  1  1  2  4  4  7  7  8  8  8  9 11 13 17 18 21 21 45 
16  1  0  0  1  3  3  6  6  7  7  7  8 10 12 16 17 20 20 44 
16  1  0  0  1  3  3  6  6  7  7  7  8 10 12 16 17 20 20 44 
17  2  1  1  0  2  2  5  5  6  6  6  7  9 11 15 16 19 19 43 
19  4  3  3  2  0  0  3  3  4  4  4  5  7  9 13 14 17 17 41 
19  4  3  3  2  0  0  3  3  4  4  4  5  7  9 13 14 17 17 41 
22  7  6  6  5  3  3  0  0  1  1  1  2  4  6 10 11 14 14 38 
22  7  6  6  5  3  3  0  0  1  1  1  2  4  6 10 11 14 14 38 
23  8  7  7  6  4  4  1  1  0  0  0  1  3  5  9 10 13 13 37 
23  8  7  7  6  4  4  1  1  0  0  0  1  3  5  9 10 13 13 37 
23  8  7  7  6  4  4  1  1  0  0  0  1  3  5  9 10 13 13 37 
24  9  8  8  7  5  5  2  2  1  1  1  0  2  4  8  9 12 12 36 
26 11 10 10  9  7  7  4  4  3  3  3  2  0  2  6  7 10 10 34 
28 13 12 12 11  9  9  6  6  5  5  5  4  2  0  4  5  8  8 32 
32 17 16 16 15 13 13 10 10  9  9  9  8  6  4  0  1  4  4 28 
33 18 17 17 16 14 14 11 11 10 10 10  9  7  5  1  0  3  3 27 
36 21 20 20 19 17 17 14 14 13 13 13 12 10  8  4  3  0  0 24 
36 21 20 20 19 17 17 14 14 13 13 13 12 10  8  4  3  0  0 24 
60 45 44 44 43 41 41 38 38 37 37 37 36 34 32 28 27 24 24  0 
