24
 0  3  7 10 15 17 19 22 22 25 26 27 33 33 35 35 35 36 36 38 39 40 41 50 
 3  0  4  7 12 14 16 19 19 22 23 24 30 30 32 32 32 33 33 35 36 37 38 47 
 7  4  0  3  8 10 12 15 15 18 19 20 26 26 28 28 28 29 29 31 32 33 34 43 
10  7  3  0  5  7  9 12 12 15 16 17 23 23 25 25 25 26 26 28 29 30 31 40 
15 12  8  5  0  2  4  7  7 10 11 12 18 18 20 20 20 21 21 23 24 25 26 35 
17 14 10  7  2  0  2  5  5  8  9 10 16 16 18 18 18 19 19 21 22 23 24 33 
19 16 12  9  4  2  0  3  3  6  7  8 14 14 16 16 16 17 17 19 20 21 22 31 
22 19 15 12  7  5  3  0  0  3  4  5 11 11 13 13 13 14 14 16 17 18 19 28 
22 19 15 12  7  5  3  0  0  3  4  5 11 11 13 13 13 14 14 16 17 18 19 28 
25 22 18 15 10  8  6  3  3  0  1  2  8  8 10 10 10 11 11 13 14 15 16 25 
26 23 19 16 11  9  7  4  4  1  0  1  7  7  9  9  9 10 10 12 13 14 15 24 
27 24 20 17 12 10  8  5  5  2  1  0  6  6  8  8  8  9  9 11 12 13 14 23 
33 30 26 23 18 16 14 11 11  8  7  6  0  0  2  2  2  3  3  5  6  7  8 17 
33 30 26 23 18 16 14 11 11  8  7  6  0  0  2  2  2  3  3  5  6  7  8 17 
35 32 28 25 20 18 16 13 13 10  9  8  2  2  0  0  0  1  1  3  4  5  6 15 
35 32 28 25 20 18 16 13 13 10  9  8  2  2  0  0  0  1  1  3  4  5  6 15 
35 32 28 25 20 18 16 13 13 10  9  8  2  2  0  0  0  1  1  3  4  5  6 15 
36 33 29 26 21 19 17 14 14 11 10  9  3  3  1  1  1  0  0  2  3  4  5 14 
36 33 29 26 21 19 17 14 14 11 10  9  3  3  1  1  1  0  0  2  3  4  5 14 
38 35 31 28 23 21 19 16 16 13 12 11  5  5  3  3  3  2  2  0  1  2  3 12 
39 36 32 29 24 22 20 17 17 14 13 12  6  6  4  4  4  3  3  1  0  1  2 11 
40 37 33 30 25 23 21 18 18 15 14 13  7  7  5  5  5  4  4  2  1  0  1 10 
41 38 34 31 26 24 22 19 19 16 15 14  8  8  6  6  6  5  5  3  2  1  0  9 
50 47 43 40 35 33 31 28 28 25 24 23 17 17 15 15 15 14 14 12 11 10  9  0 
