24
 0 13 22 26 27 28 28 34 35 35 35 39 39 40 41 44 46 47 48 50 50 51 51 54 
13  0  9 13 14 15 15 21 22 22 22 26 26 27 28 31 33 34 35 37 37 38 38 41 
22  9  0  4  5  6  6 12 13 13 13 17 17 18 19 22 24 25 26 28 28 29 29 32 
26 13  4  0  1  2  2  8  9  9  9 13 13 14 15 18 20 21 22 24 24 25 25 28 
27 14  5  1  0  1  1  7  8  8  8 12 12 13 14 17 19 20 21 23 23 24 24 27 
28 15  6  2  1  0  0  6  7  7  7 11 11 12 13 16 18 19 20 22 22 23 23 26 
28 15  6  2  1  0  0  6  7  7  7 11 11 12 13 16 18 19 20 22 22 23 23 26 
34 21 12  8  7  6  6  0  1  1  1  5  5  6  7 10 12 13 14 16 16 17 17 20 
35 22 13  9  8  7  7  1  0  0  0  4  4  5  6  9 11 12 13 15 15 16 16 19 
35 22 13  9  8  7  7  1  0  0  0  4  4  5  6  9 11 12 13 15 15 16 16 19 
35 22 13  9  8  7  7  1  0  0  0  4  4  5  6  9 11 12 13 15 15 16 16 19 
39 26 17 13 12 11 11  5  4  4  4  0  0  1  2  5  7  8  9 11 11 12 12 15 
39 26 17 13 12 11 11  5  4  4  4  0  0  1  2  5  7  8  9 11 11 12 12 15 
40 27 18 14 13 12 12  6  5  5  5  1  1  0  1  4  6  7  8 10 10 11 11 14 
41 28 19 15 14 13 13  7  6  6  6  2  2  1  0  3  5  6  7  9  9 10 10 13 
44 31 22 18 17 16 16 10  9  9  9  5  5  4  3  0  2  3  4  6  6  7  7 10 
46 33 24 20 19 18 18 12 11 11 11  7  7  6  5  2  0  1  2  4  4  5  5  8 
47 34 25 21 20 19 19 13 12 12 12  8  8  7  6  3  1  0  1  3  3  4  4  7 
48 35 26 22 21 20 20 14 13 13 13  9  9  8  7  4  2  1  0  2  2  3  3  6 
50 37 28 24 23 22 22 16 15 15 15 11 11 10  9  6  4  3  2  0  0  1  1  4 
50 37 28 24 23 22 22 16 15 15 15 11 11 10  9  6  4  3  2  0  0  1  1  4 
51 38 29 25 24 23 23 17 16 16 16 12 12 11 10  7  5  4  3  1  1  0  0  3 
51 38 29 25 24 23 23 17 16 16 16 12 12 11 10  7  5  4  3  1  1  0  0  3 
54 41 32 28 27 26 26 20 19 19 19 15 15 14 13 10  8  7  6  4  4  3  3  0 
