20
 0  9 11 14 18 19 21 23 25 25 26 27 30 31 33 34 39 40 42 50 
 9  0  2  5  9 10 12 14 16 16 17 18 21 22 24 25 30 31 33 41 
11  2  0  3  7  8 10 12 14 14 15 16 19 20 22 23 28 29 31 39 
14  5  3  0  4  5  7  9 11 11 12 13 16 17 19 20 25 26 28 36 
18  9  7  4  0  1  3  5  7  7  8  9 12 13 15 16 21 22 24 32 
19 10  8  5  1  0  2  4  6  6  7  8 11 12 14 15 20 21 23 31 
21 12 10  7  3  2  0  2  4  4  5  6  9 10 12 13 18 19 21 29 
23 14 12  9  5  4  2  0  2  2  3  4  7  8 10 11 16 17 19 27 
25 16 14 11  7  6  4  2  0  0  1  2  5  6  8  9 14 15 17 25 
25 16 14 11  7  6  4  2  0  0  1  2  5  6  8  9 14 15 17 25 
26 17 15 12  8  7  5  3  1  1  0  1  4  5  7  8 13 14 16 24 
27 18 16 13  9  8  6  4  2  2  1  0  3  4  6  7 12 13 15 23 
30 21 19 16 12 11  9  7  5  5  4  3  0  1  3  4  9 10 12 20 
31 22 20 17 13 12 10  8  6  6  5  4  1  0  2  3  8  9 11 19 
33 24 22 19 15 14 12 10  8  8  7  6  3  2  0  1  6  7  9 17 
34 25 23 20 16 15 13 11  9  9  8  7  4  3  1  0  5  6  8 16 
39 30 28 25 21 20 18 16 14 14 13 12  9  8  6  5  0  1  3 11 
40 31 29 26 22 21 19 17 15 15 14 13 10  9  7  6  1  0  2 10 
42 33 31 28 24 23 21 19 17 17 16 15 12 11  9  8  3  2  0  8 
50 41 39 36 32 31 29 27 25 25 24 23 20 19 17 16 11 10  8  0 
