16
15   12   9   4   3   10   8   13   6   2   5   14   1   7   11   
12   15   13   10   5   4   11   9   14   7   3   6   0   2   8   
9   13   15   14   11   6   5   12   10   0   8   4   7   1   3   
4   10   14   15   0   12   7   6   13   11   1   9   5   8   2   
3   5   11   0   15   1   13   8   7   14   12   2   10   6   9   
10   4   6   12   1   15   2   14   9   8   0   13   3   11   7   
8   11   5   7   13   2   15   3   0   10   9   1   14   4   12   
13   9   12   6   8   14   3   15   4   1   11   10   2   0   5   
6   14   10   13   7   9   0   4   15   5   2   12   11   3   1   
2   7   0   11   14   8   10   1   5   15   6   3   13   12   4   
5   3   8   1   12   0   9   11   2   6   15   7   4   14   13   
14   6   4   9   2   13   1   10   12   3   7   15   8   5   0   
1   0   7   5   10   3   14   2   11   13   4   8   15   9   6   
7   2   1   8   6   11   4   0   3   12   14   5   9   15   10   
11   8   3   2   9   7   12   5   1   4   13   0   6   10   15   
0   1   2   3   4   5   6   7   8   9   10   11   12   13   14