16
 8  12  11   6  15  10   5  14  13   3   2   1   9   7   4  
 7  15  12   3  14   9  11  13   6   2   4   0   8   5  10  
 3   4   5  15  13  12   7   9  14   1   0   8  10  11   6  
 2   8   4   1   5   7   9  11  15   0  14  13   6  10  12  
 5   2   3   7   8  15  12  10   9  11   1   6  13  14   0  
 4  13   2   9   3   6   0  12  10  14   8  11  15   1   7  
12  14  13   0   9   5  10   8   1   7  11   4   3  15   2  
 1  10   8   4  11   3   2  15  12   6  13   9  14   0   5  
 0   3   7  13   4  14  15   6  11  10   5   2   1  12   9  
14  11  10   5   6   1   3   2   4  15  12   7   0  13   8  
13   7   9  11  12   0   6   4   5   8  15  14   2   3   1  
15   9   0  10   7  13   1   3   8   4   6   5  12   2  14  
 6   0   1  14  10   2   4   5   7  13   9  15  11   8   3  
10   5   6   8   2  11  14   1   0  12   7   3   4   9  15  
 9   6  15  12   1   8  13   0   2   5   3  10   7   4  11  
11   1  14   2   0   4   8   7   3   9  10  12   5   6  13  
1364
