16
 2   5   1   3  13   7  15   8  10   9  14  12   4   6  11  
14   7   0   5   4   3  12   6   9  15  11  13  10   8   2  
 0   8   5  13   7   6  10  11   3   4  15   9  14  12   1  
 9  11  14   0   8   1   6  15   2   7   4   5  13  10  12  
15  12   8   6   1  14   5  10  11   2   3   7   0   9  13  
10   0   2   1   6   8   4  14   7  13   9   3  12  11  15  
 8   9  11   4   5   2   3   1  13  10  12  15   7   0  14  
11   1  15   8   2   0  13  12   5   3  10   4   6  14   9  
 6   2   4   7   3   5   9   0  12  14  13  11  15   1  10  
 3   6  12  10  14  15   8  13   1   0   5   2  11   4   7  
 5  15  13   9  11  12   2   4   0   6   7  14   1   3   8  
 7   3   6  15  10  13  14   2   4  12   1   8   9   5   0  
13   4   9  14  15  10   1   7   8  11   6   0   5   2   3  
12  14  10   2   0  11   7   9   6   5   8   1   3  15   4  
 1  13   3  12   9   4  11   5  15   8   0  10   2   7   6  
 4  10   7  11  12   9   0   3  14   1   2   6   8  13   5  
1490
