18
6   14   17   13   3   9   7   4   16   1   12   11   15   8   2   5   10   
11   7   15   17   14   4   10   8   5   0   2   13   12   16   9   3   6   
7   12   8   16   17   15   5   11   9   6   1   3   14   13   0   10   4   
5   8   13   9   0   17   16   6   12   10   7   2   4   15   14   1   11   
12   6   9   14   10   1   17   0   7   13   11   8   3   5   16   15   2   
3   13   7   10   15   11   2   17   1   8   14   12   9   4   6   0   16   
0   4   14   8   11   16   12   3   17   2   9   15   13   10   5   7   1   
2   1   5   15   9   12   0   13   4   17   3   10   16   14   11   6   8   
9   3   2   6   16   10   13   1   14   5   17   4   11   0   15   12   7   
8   10   4   3   7   0   11   14   2   15   6   17   5   12   1   16   13   
14   9   11   5   4   8   1   12   15   3   16   7   17   6   13   2   0   
1   15   10   12   6   5   9   2   13   16   4   0   8   17   7   14   3   
4   2   16   11   13   7   6   10   3   14   0   5   1   9   17   8   15   
16   5   3   0   12   14   8   7   11   4   15   1   6   2   10   17   9   
10   0   6   4   1   13   15   9   8   12   5   16   2   7   3   11   17   
17   11   1   7   5   2   14   16   10   9   13   6   0   3   8   4   12   
13   17   12   2   8   6   3   15   0   11   10   14   7   1   4   9   5   
15   16   0   1   2   3   4   5   6   7   8   9   10   11   12   13   14