18
10  13  17  15  14  16   2   3   7   6   4   5  12   9  11   1   8  
 8   7  13  17  16  15  14   6   2   4   5   3  11  12   9   0  10  
 3   6  15   4  12  14   0  17   1  10  13   9   7   8  16  11   5  
 2   8   4  14  15  11   6   0  10   5   7   1   9  16  12  13  17  
11  15   3   2   9  12   5  10   6   1   0  16  17  13   8  14   7  
14  10   7  16   6   9   4  11  12   3   1   0  15  17  13   8   2  
 7   2  10   9   5   8   3   1   4   0  12  13  14  11  17  16  15  
 6   1   5  11   8  10  16  13   0   9   3  12   2  15  14  17   4  
 1   3  11  10   7   6  12  14  16  17   9  15  13   2   4   5   0  
13  11  12   6   4   5  10  16  17   7   8   2   3   0   1  15  14  
 0   5   6   8  13   7   9   4   3   2  17  11  16  14  15  12   1  
 4   9   8   7  17   3  13   5  14  15  16  10   1   6   0   2  12  
17  14   9  13   2   4   8  15   5  16   6   7   0   1   3  10  11  
 9   0   1  12  10  17  11   7  15  14   2   6   8   4   5   3  16  
 5  12  16   3   0   2   1   8  11  13  15  17   6  10   7   4   9  
16   4   2   0   3   1  17  12  13  11  14   8   5   7  10   9   6  
15  17  14   5   1   0   7   9   8  12  11   4  10   3   2   6  13  
12  16   0   1  11  13  15   2   9   8  10  14   4   5   6   7   3  
2130
