18
 2   1   8   5   4   9   7  15  11  13  10  17  14  12   3  16   6  
 3   0   6  14  16  17   4   7  15  12  13   5   8   9  11  10   2  
 0  16  11  15  12   8  13  10   4   5  17   6   3  14   7   9   1  
 1   4  15   6  13  14  10  16   7  17   9   8   2   5   0  12  11  
 8   3   5   9   0  13   1  11   2  16  15  12  17  10   6   7  14  
10   9   4   0  14  11  15  17  12   2   6   1   7   3  13   8  16  
 7  10   1   3   9  15  12  13  16  14   5   2  11   8   4  17   0  
 6  11  14  17  15  12   0   1   3  10  16   9   5  13   2   4   8  
 4  13   0  11  17   2   9  12  10  15  14   3   1   6  16   5   7  
12   5  10   4   6   0   8  14  17  11   3   7  16   1  15   2  13  
 5   6   9  13  11  16   3   2   8   7   0  15  12   4  14   1  17  
15   7   2   8  10   5  16   4   0   9  12  14   6  17   1  13   3  
 9  14  13  16   2   7   6   8   5   1  11   4  10   0  17   3  15  
17   8  12  10   3   4   2   6  14   0   1  16  15   7   5  11   9  
16  12   7   1   5   3  17   9  13   6   8  11   0   2  10  15   4  
11  17   3   2   7   6   5   0   1   8   4  10  13  16   9  14  12  
14   2  17  12   1  10  11   3   6   4   7  13   9  15   8   0   5  
13  15  16   7   8   1  14   5   9   3   2   0   4  11  12   6  10  
2404
