18
 3  15   1   2   9  12  10   4   5   8  13  16   6   7  11  17  14  
14   8   0  12  11   3   6  13   9   4  16  15   5  17   2   7  10  
 5   4  17   0  15   8  12  11   6  16   9   7  14  10   1  13   3  
 0  17  12  14  13   1   9   5   4   6  11  10   8  15   7  16   2  
17   2  15  13   6   9   8   0   3   1   7  12  11   5  14  10  16  
 2  12  11  15  10  14   7   3   0   9  17   6   1   4  16   8  13  
15  13  16   7   4  17   1  14   2   3  12   5   0   8  10  11   9  
13  11  10   6  17  16   5   9  14  15   4   2  12   0   3   1   8  
16   1  13  17  14   2   4  15  11   0  10   9   3   6  12   5   7  
12  16  14  10   0   4   3   7   1   5   2   8  17  11  13  15   6  
11  14   7   9   5  13   0  16  12  17   8   3  15   2   6   4   1  
10   7   5  16   1  15  14   2   8  12   3  13   4   9   0   6  17  
 9   5   3   1  16   0   2  17  10  11   6   4   7  13   8  14  15  
 7   6   8   4   3  10  17   1  15  14   0  11  16  12   9   2   5  
 1  10   9   3   8   5  11   6   7  13  15  17   2  16   4  12   0  
 6   0   4   5   2  11  16   8  13   7  14   1  10   3  17   9  12  
 8   9   6  11  12   7  15  10  17   2   1   0  13  14   5   3   4  
 4   3   2   8   7   6  13  12  16  10   5  14   9   1  15   0  11  
6635
