20
12   6   10   5   8   16   15   7   3   19   4   9   18   1   13   11   17   14   2 
3   13   7   11   6   9   17   16   8   4   19   5   10   0   2   14   12   18   15   
16   4   14   8   12   7   10   18   17   9   5   19   6   11   1   3   15   13   0   
1   17   5   15   9   13   8   11   0   18   10   6   19   7   12   2   4   16   14   
15   2   18   6   16   10   14   9   12   1   0   11   7   19   8   13   3   5   17   
18   16   3   0   7   17   11   15   10   13   2   1   12   8   19   9   14   4   6   
7   0   17   4   1   8   18   12   16   11   14   3   2   13   9   19   10   15   5   
6   8   1   18   5   2   9   0   13   17   12   15   4   3   14   10   19   11   16   
17   7   9   2   0   6   3   10   1   14   18   13   16   5   4   15   11   19   12   
13   18   8   10   3   1   7   4   11   2   15   0   14   17   6   5   16   12   19   
19   14   0   9   11   4   2   8   5   12   3   16   1   15   18   7   6   17   13   
14   19   15   1   10   12   5   3   9   6   13   4   17   2   16   0   8   7   18   
0   15   19   16   2   11   13   6   4   10   7   14   5   18   3   17   1   9   8   
9   1   16   19   17   3   12   14   7   5   11   8   15   6   0   4   18   2   10   
11   10   2   17   19   18   4   13   15   8   6   12   9   16   7   1   5   0   3   
4   12   11   3   18   19   0   5   14   16   9   7   13   10   17   8   2   6   1   
2   5   13   12   4   0   19   1   6   15   17   10   8   14   11   18   9   3   7   
8   3   6   14   13   5   1   19   2   7   16   18   11   9   15   12   0   10   4   
5   9   4   7   15   14   6   2   19   3   8   17   0   12   10   16   13   1   11   
10   11   12   13   14   15   16   17   18   0   1   2   3   4   5   6   7   8   9