20
19   9   4   2   8   5  12  13  16  10   1   3  18  17   6  11  14  15   7  
18   8   3  19   7   4  11  12  15   9   0   2  17  16   5  10  13  14   6  
17   7  19   0   6   3  10  11  14   8  18   1  16  15   4   9  12  13   5  
16   6   1  18   5   2   9  10  13   7  17   0  15  14  19   8  11  12   4  
15   5   0  17  19   1   8   9  12   6  16  18  14  13   2   7  10  11   3  
14   4  18  16   3   0   7   8  11  19  15  17  13  12   1   6   9  10   2  
13   3  17  15   2  18  19   7  10   4  14  16  12  11   0   5   8   9   1  
12   2  16  14   1  17   5   6   9   3  13  15  11  10  18   4  19   8   0  
11   1  15  13   0  16   4   5  19   2  12  14  10   9  17   3   6   7  18  
10   0  14  12  18  15   3   4   7   1  11  13  19   8  16   2   5   6  17  
 9  18  13  11  17  14   2   3   6   0  19  12   8   7  15   1   4   5  16  
 8  17  12  10  16  13   1   2   5  18   9  19   7   6  14   0   3   4  15  
 7  16  11   9  15  19   0   1   4  17   8  10   6   5  13  18   2   3  14  
 6  15  10   8  14  11  18   0   3  16   7   9   5   4  12  17   1   2  19  
 5  19   9   7  13  10  17  18   2  15   6   8   4   3  11  16   0   1  12  
 4  13   8   6  12   9  16  17   1  14   5   7   3   2  10  19  18   0  11  
 3  12   7   5  11   8  15  19   0  13   4   6   2   1   9  14  17  18  10  
 2  11   6   4  10   7  14  15  18  12   3   5   1   0   8  13  16  19   9  
 1  10   5   3   9   6  13  14  17  11   2   4   0  19   7  12  15  16   8  
 0  14   2   1   4  12   6  16   8   5  10  11   9  18   3  15   7  17  13  
9588
