24
20   10   5   3   14   21   17   2   23   11   16   15   6   9   13   22   1   7   19   8   18   12   4 
5   21   11   6   4   15   22   18   3   23   12   17   16   7   10   14   0   2   8   20   9   19   13 
14   6   22   12   7   5   16   0   19   4   23   13   18   17   8   11   15   1   3   9   21   10   20 
21   15   7   0   13   8   6   17   1   20   5   23   14   19   18   9   12   16   2   4   10   22   11 
12   22   16   8   1   14   9   7   18   2   21   6   23   15   20   19   10   13   17   3   5   11   0 
1   13   0   17   9   2   15   10   8   19   3   22   7   23   16   21   20   11   14   18   4   6   12 
13   2   14   1   18   10   3   16   11   9   20   4   0   8   23   17   22   21   12   15   19   5   7 
8   14   3   15   2   19   11   4   17   12   10   21   5   1   9   23   18   0   22   13   16   20   6 
7   9   15   4   16   3   20   12   5   18   13   11   22   6   2   10   23   19   1   0   14   17   21 
22   8   10   16   5   17   4   21   13   6   19   14   12   0   7   3   11   23   20   2   1   15   18 
19   0   9   11   17   6   18   5   22   14   7   20   15   13   1   8   4   12   23   21   3   2   16 
17   20   1   10   12   18   7   19   6   0   15   8   21   16   14   2   9   5   13   23   22   4   3 
4   18   21   2   11   13   19   8   20   7   1   16   9   22   17   15   3   10   6   14   23   0   5 
6   5   19   22   3   12   14   20   9   21   8   2   17   10   0   18   16   4   11   7   15   23   1 
2   7   6   20   0   4   13   15   21   10   22   9   3   18   11   1   19   17   5   12   8   16   23 
23   3   8   7   21   1   5   14   16   22   11   0   10   4   19   12   2   20   18   6   13   9   17 
18   23   4   9   8   22   2   6   15   17   0   12   1   11   5   20   13   3   21   19   7   14   10 
11   19   23   5   10   9   0   3   7   16   18   1   13   2   12   6   21   14   4   22   20   8   15 
16   12   20   23   6   11   10   1   4   8   17   19   2   14   3   13   7   22   15   5   0   21   9 
10   17   13   21   23   7   12   11   2   5   9   18   20   3   15   4   14   8   0   16   6   1   22 
0   11   18   14   22   23   8   13   12   3   6   10   19   21   4   16   5   15   9   1   17   7   2 
3   1   12   19   15   0   23   9   14   13   4   7   11   20   22   5   17   6   16   10   2   18   8   
9   4   2   13   20   16   1   23   10   15   14   5   8   12   21   0   6   18   7   17   11   3   19 
15   16   17   18   19   20   21   22   0   1   2   3   4   5   6   7   8   9   10   11   12   13   14