26
24   1   17   4   18   16   22   12   11   3   8   7   20   15   9   19   23   5   2   25   13   6   14   10   21 
22   0   2   18   5   19   17   23   13   12   4   9   8   21   16   10   20   24   6   3   25   14   7   15   11 
12   23   1   3   19   6   20   18   24   14   13   5   10   9   22   17   11   21   0   7   4   25   15   8   16 
17   13   24   2   4   20   7   21   19   0   15   14   6   11   10   23   18   12   22   1   8   5   25   16   9 
10   18   14   0   3   5   21   8   22   20   1   16   15   7   12   11   24   19   13   23   2   9   6   25   17 
18   11   19   15   1   4   6   22   9   23   21   2   17   16   8   13   12   0   20   14   24   3   10   7   25 
25   19   12   20   16   2   5   7   23   10   24   22   3   18   17   9   14   13   1   21   15   0   4   11   8 
9   25   20   13   21   17   3   6   8   24   11   0   23   4   19   18   10   15   14   2   22   16   1   5   12 
13   10   25   21   14   22   18   4   7   9   0   12   1   24   5   20   19   11   16   15   3   23   17   2   6 
7   14   11   25   22   15   23   19   5   8   10   1   13   2   0   6   21   20   12   17   16   4   24   18   3 
4   8   15   12   25   23   16   24   20   6   9   11   2   14   3   1   7   22   21   13   18   17   5   0   19 
20   5   9   16   13   25   24   17   0   21   7   10   12   3   15   4   2   8   23   22   14   19   18   6   1 
2   21   6   10   17   14   25   0   18   1   22   8   11   13   4   16   5   3   9   24   23   15   20   19   7 
8   3   22   7   11   18   15   25   1   19   2   23   9   12   14   5   17   6   4   10   0   24   16   21   20 
21   9   4   23   8   12   19   16   25   2   20   3   24   10   13   15   6   18   7   5   11   1   0   17   22 
23   22   10   5   24   9   13   20   17   25   3   21   4   0   11   14   16   7   19   8   6   12   2   1   18 
19   24   23   11   6   0   10   14   21   18   25   4   22   5   1   12   15   17   8   20   9   7   13   3   2 
3   20   0   24   12   7   1   11   15   22   19   25   5   23   6   2   13   16   18   9   21   10   8   14   4 
5   4   21   1   0   13   8   2   12   16   23   20   25   6   24   7   3   14   17   19   10   22   11   9   15 
16   6   5   22   2   1   14   9   3   13   17   24   21   25   7   0   8   4   15   18   20   11   23   12   10 
11   17   7   6   23   3   2   15   10   4   14   18   0   22   25   8   1   9   5   16   19   21   12   24   13 
14   12   18   8   7   24   4   3   16   11   5   15   19   1   23   25   9   2   10   6   17   20   22   13   0 
1   15   13   19   9   8   0   5   4   17   12   6   16   20   2   24   25   10   3   11   7   18   21   23   14 
15   2   16   14   20   10   9   1   6   5   18   13   7   17   21   3   0   25   11   4   12   8   19   22   24 
0   16   3   17   15   21   11   10   2   7   6   19   14   8   18   22   4   1   25   12   5   13   9   20   23 
6   7   8   9   10   11   12   13   14   15   16   17   18   19   20   21   22   23   24   0   1   2   3   4   5