28
3   19   6   16   13   20   25   18   2   8   22   17   7   15   11   5   9   27   14   26   1   10   23   21   24   12   4 
5   4   20   7   17   14   21   26   19   3   9   23   18   8   16   12   6   10   27   15   0   2   11   24   22   25   13 
14   6   5   21   8   18   15   22   0   20   4   10   24   19   9   17   13   7   11   27   16   1   3   12   25   23   26 
0   15   7   6   22   9   19   16   23   1   21   5   11   25   20   10   18   14   8   12   27   17   2   4   13   26   24 
25   1   16   8   7   23   10   20   17   24   2   22   6   12   26   21   11   19   15   9   13   27   18   3   5   14   0 
1   26   2   17   9   8   24   11   21   18   25   3   23   7   13   0   22   12   20   16   10   14   27   19   4   6   15 
16   2   0   3   18   10   9   25   12   22   19   26   4   24   8   14   1   23   13   21   17   11   15   27   20   5   7 
8   17   3   1   4   19   11   10   26   13   23   20   0   5   25   9   15   2   24   14   22   18   12   16   27   21   6 
7   9   18   4   2   5   20   12   11   0   14   24   21   1   6   26   10   16   3   25   15   23   19   13   17   27   22 
23   8   10   19   5   3   6   21   13   12   1   15   25   22   2   7   0   11   17   4   26   16   24   20   14   18   27 
27   24   9   11   20   6   4   7   22   14   13   2   16   26   23   3   8   1   12   18   5   0   17   25   21   15   19 
20   27   25   10   12   21   7   5   8   23   15   14   3   17   0   24   4   9   2   13   19   6   1   18   26   22   16 
17   21   27   26   11   13   22   8   6   9   24   16   15   4   18   1   25   5   10   3   14   20   7   2   19   0   23 
24   18   22   27   0   12   14   23   9   7   10   25   17   16   5   19   2   26   6   11   4   15   21   8   3   20   1 
2   25   19   23   27   1   13   15   24   10   8   11   26   18   17   6   20   3   0   7   12   5   16   22   9   4   21 
22   3   26   20   24   27   2   14   16   25   11   9   12   0   19   18   7   21   4   1   8   13   6   17   23   10   5 
6   23   4   0   21   25   27   3   15   17   26   12   10   13   1   20   19   8   22   5   2   9   14   7   18   24   11 
12   7   24   5   1   22   26   27   4   16   18   0   13   11   14   2   21   20   9   23   6   3   10   15   8   19   25 
26   13   8   25   6   2   23   0   27   5   17   19   1   14   12   15   3   22   21   10   24   7   4   11   16   9   20 
21   0   14   9   26   7   3   24   1   27   6   18   20   2   15   13   16   4   23   22   11   25   8   5   12   17   10 
11   22   1   15   10   0   8   4   25   2   27   7   19   21   3   16   14   17   5   24   23   12   26   9   6   13   18 
19   12   23   2   16   11   1   9   5   26   3   27   8   20   22   4   17   15   18   6   25   24   13   0   10   7   14 
15   20   13   24   3   17   12   2   10   6   0   4   27   9   21   23   5   18   16   19   7   26   25   14   1   11   8 
9   16   21   14   25   4   18   13   3   11   7   1   5   27   10   22   24   6   19   17   20   8   0   26   15   2   12 
13   10   17   22   15   26   5   19   14   4   12   8   2   6   27   11   23   25   7   20   18   21   9   1   0   16   3 
4   14   11   18   23   16   0   6   20   15   5   13   9   3   7   27   12   24   26   8   21   19   22   10   2   1   17 
18   5   15   12   19   24   17   1   7   21   16   6   14   10   4   8   27   13   25   0   9   22   20   23   11   3   2 
10   11   12   13   14   15   16   17   18   19   20   21   22   23   24   25   26   0   1   2   3   4   5   6   7   8   9
