12
 4   9   8   5   2   7  10   6  11   1   3  
10   4   7   6   8   3   2   9   5   0  11  
 7  11   6   8   0   9   1   3  10   5   4  
 5   8  10  11   4   1   9   2   6   7   0  
 0   1  11   7   3   5   6  10   8   9   2  
 3   7   9   0   6   4  11   8   1   2  10  
 9  10   2   1   5  11   4   0   3   8   7  
 2   5   1   4  10   0   8  11   9   3   6  
11   3   0   2   1  10   7   5   4   6   9  
 6   0   5  10  11   2   3   1   7   4   8  
 1   6   3   9   7   8   0   4   2  11   5  
 8   2   4   3   9   6   5   7   0  10   1  
160
