14
11   4   2   5  10   6  13   3  12   1   9   8   7  
 8  12   5   3   6  11   7  13   4   0   2  10   9  
10   9   0   6   4   7  12   8  13   5   1   3  11  
12  11  10   1   7   5   8   0   9  13   6   2   4  
 5   0  12  11   2   8   6   9   1  10  13   7   3  
 4   6   1   0  12   3   9   7  10   2  11  13   8  
 9   5   7   2   1   0   4  10   8  11   3  12  13  
13  10   6   8   3   2   1   5  11   9  12   4   0  
 1  13  11   7   9   4   3   2   6  12  10   0   5  
 6   2  13  12   8  10   5   4   3   7   0  11   1  
 2   7   3  13   0   9  11   6   5   4   8   1  12  
 0   3   8   4  13   1  10  12   7   6   5   9   2  
 3   1   4   9   5  13   2  11   0   8   7   6  10  
 7   8   9  10  11  12   0   1   2   3   4   5   6  
234
