22
5   19   10   2   17   14   20   1   4   15   13   12   7   11   18   6   16   3   8   21   9 
10   6   20   11   3   18   15   0   2   5   16   14   13   8   12   19   7   17   4   9   21 
21   11   7   0   12   4   19   16   1   3   6   17   15   14   9   13   20   8   18   5   10 
11   21   12   8   1   13   5   20   17   2   4   7   18   16   15   10   14   0   9   19   6 
7   12   21   13   9   2   14   6   0   18   3   5   8   19   17   16   11   15   1   10   20 
0   8   13   21   14   10   3   15   7   1   19   4   6   9   20   18   17   12   16   2   11 
12   1   9   14   21   15   11   4   16   8   2   20   5   7   10   0   19   18   13   17   3 
4   13   2   10   15   21   16   12   5   17   9   3   0   6   8   11   1   20   19   14   18 
19   5   14   3   11   16   21   17   13   6   18   10   4   1   7   9   12   2   0   20   15 
16   20   6   15   4   12   17   21   18   14   7   19   11   5   2   8   10   13   3   1   0 
1   17   0   7   16   5   13   18   21   19   15   8   20   12   6   3   9   11   14   4   2 
3   2   18   1   8   17   6   14   19   21   20   16   9   0   13   7   4   10   12   15   5 
6   4   3   19   2   9   18   7   15   20   21   0   17   10   1   14   8   5   11   13   16 
17   7   5   4   20   3   10   19   8   16   0   21   1   18   11   2   15   9   6   12   14 
15   18   8   6   5   0   4   11   20   9   17   1   21   2   19   12   3   16   10   7   13 
14   16   19   9   7   6   1   5   12   0   10   18   2   21   3   20   13   4   17   11   8 
9   15   17   20   10   8   7   2   6   13   1   11   19   3   21   4   0   14   5   18   12 
13   10   16   18   0   11   9   8   3   7   14   2   12   20   4   21   5   1   15   6   19 
20   14   11   17   19   1   12   10   9   4   8   15   3   13   0   5   21   6   2   16   7 
8   0   15   12   18   20   2   13   11   10   5   9   16   4   14   1   6   21   7   3   17 
18   9   1   16   13   19   0   3   14   12   11   6   10   17   5   15   2   7   21   8   4 
2   3   4   5   6   7   8   9   10   11   12   13   14   15   16   17   18   19   20   0   1