30
12   24   15   19   7   6   5   29   13   26   20   18   3   10   25   21   14   17   4   9   28   1   11   8   16   27   22   2   23 
24   13   25   16   20   8   7   6   29   14   27   21   19   4   11   26   22   15   18   5   10   0   2   12   9   17   28   23   3 
4   25   14   26   17   21   9   8   7   29   15   28   22   20   5   12   27   23   16   19   6   11   1   3   13   10   18   0   24 
25   5   26   15   27   18   22   10   9   8   29   16   0   23   21   6   13   28   24   17   20   7   12   2   4   14   11   19   1 
2   26   6   27   16   28   19   23   11   10   9   29   17   1   24   22   7   14   0   25   18   21   8   13   3   5   15   12   20 
21   3   27   7   28   17   0   20   24   12   11   10   29   18   2   25   23   8   15   1   26   19   22   9   14   4   6   16   13 
14   22   4   28   8   0   18   1   21   25   13   12   11   29   19   3   26   24   9   16   2   27   20   23   10   15   5   7   17 
18   15   23   5   0   9   1   19   2   22   26   14   13   12   29   20   4   27   25   10   17   3   28   21   24   11   16   6   8 
9   19   16   24   6   1   10   2   20   3   23   27   15   14   13   29   21   5   28   26   11   18   4   0   22   25   12   17   7 
8   10   20   17   25   7   2   11   3   21   4   24   28   16   15   14   29   22   6   0   27   12   19   5   1   23   26   13   18 
19   9   11   21   18   26   8   3   12   4   22   5   25   0   17   16   15   29   23   7   1   28   13   20   6   2   24   27   14 
15   20   10   12   22   19   27   9   4   13   5   23   6   26   1   18   17   16   29   24   8   2   0   14   21   7   3   25   28 
0   16   21   11   13   23   20   28   10   5   14   6   24   7   27   2   19   18   17   29   25   9   3   1   15   22   8   4   26 
27   1   17   22   12   14   24   21   0   11   6   15   7   25   8   28   3   20   19   18   29   26   10   4   2   16   23   9   5 
6   28   2   18   23   13   15   25   22   1   12   7   16   8   26   9   0   4   21   20   19   29   27   11   5   3   17   24   10 
11   7   0   3   19   24   14   16   26   23   2   13   8   17   9   27   10   1   5   22   21   20   29   28   12   6   4   18   25 
26   12   8   1   4   20   25   15   17   27   24   3   14   9   18   10   28   11   2   6   23   22   21   29   0   13   7   5   19 
20   27   13   9   2   5   21   26   16   18   28   25   4   15   10   19   11   0   12   3   7   24   23   22   29   1   14   8   6 
7   21   28   14   10   3   6   22   27   17   19   0   26   5   16   11   20   12   1   13   4   8   25   24   23   29   2   15   9 
10   8   22   0   15   11   4   7   23   28   18   20   1   27   6   17   12   21   13   2   14   5   9   26   25   24   29   3   16 
17   11   9   23   1   16   12   5   8   24   0   19   21   2   28   7   18   13   22   14   3   15   6   10   27   26   25   29   4 
5   18   12   10   24   2   17   13   6   9   25   1   20   22   3   0   8   19   14   23   15   4   16   7   11   28   27   26   29 
29   6   19   13   11   25   3   18   14   7   10   26   2   21   23   4   1   9   20   15   24   16   5   17   8   12   0   28   27 
28   29   7   20   14   12   26   4   19   15   8   11   27   3   22   24   5   2   10   21   16   25   17   6   18   9   13   1   0 
1   0   29   8   21   15   13   27   5   20   16   9   12   28   4   23   25   6   3   11   22   17   26   18   7   19   10   14   2 
3   2   1   29   9   22   16   14   28   6   21   17   10   13   0   5   24   26   7   4   12   23   18   27   19   8   20   11   15 
16   4   3   2   29   10   23   17   15   0   7   22   18   11   14   1   6   25   27   8   5   13   24   19   28   20   9   21   12 
13   17   5   4   3   29   11   24   18   16   1   8   23   19   12   15   2   7   26   28   9   6   14   25   20   0   21   10   22 
23   14   18   6   5   4   29   12   25   19   17   2   9   24   20   13   16   3   8   27   0   10   7   15   26   21   1   22   11 
22   23   24   25   26   27   28   0   1   2   3   4   5   6   7   8   9   10   11   12   13   14   15   16   17   18   19   20   21