12
11   2   7   6   9  10   8   3   5   4   1  
 8   7   6   5  10   9   4   2   3  11   0  
 7   0  11   3   6   8  10   1   4   5   9  
 5   6  10   2  11   4   9   0   1   7   8  
 6  10   8  11   5   3   1   9   2   0   7  
 3   8   9   1   4  11   7  10   0   2   6  
 4   3   1   0   2   7  11   8  10   9   5  
 2   1   0  10   8   6   5  11   9   3   4  
 1   5   4   9   7   2   0   6  11  10   3  
10  11   5   8   0   1   3   4   7   6   2  
 9   4   3   7   1   0   2   5   6   8  11  
 0   9   2   4   3   5   6   7   8   1  10  
710
