14
 5   2   3   6   8  13  12   1   4  10   9   7  11  
 4  13   2   5   7  12  11   0   3   9   8   6  10  
 3   0   1   4   6  11  10  12  13   8   7   5   9  
 2  12   0  13   5  10   9  11   1   7   6   4   8  
 1  11  12   2  13   9   8  10   0   6   5   3   7  
 0  10  11   1   3   8   7   9  12  13   4   2   6  
12   9  10   0   2   7  13   8  11   4   3   1   5  
11   8   9  12   1   6   5  13  10   3   2   0   4  
10   7  13  11   0   5   4   6   9   2   1  12   3  
13   6   7  10  12   4   3   5   8   1   0  11   2  
 8   5   6   9  11   3   2   4   7   0  12  13   1  
 7   4   5   8  10   2   1   3   6  12  13   9   0  
 6   3   4   7   9   1   0   2   5  11  10   8  13  
 9   1   8   3   4   0   6   7   2   5  11  10  12  
1154
