14
10  13  12   8   7   1  11   9   4   3   5   2   6  
11  12  13   7   6   0  10   3   5   4   2   9   8  
12   9   6  13   8  10   7   4   3   5   1   0  11  
13  11  10   6   5   7   4   1   2   0  12   8   9  
 9  10  11  12  13   6   3   2   0   1   8   7   5  
 7   8   9  11   3  13  12  10   1   2   0   6   4  
 8   7   2   3   1   4  13  12  10  11   9   5   0  
 5   6   8   1   0   3   2  13   9  12  11   4  10  
 6   5   7   0   2  12   9  11  13  10   4   3   1  
 4   2   5  10  12  11   8   0   7  13   6   1   3  
 0   4   3   9  11   2   1   5   6   8  13  12   7  
 1   3   4   5  10   9   0   8  12   6   7  13   2  
 2   1   0   4   9   8   5   6  11   7   3  10  13  
 3   0   1   2   4   5   6   7   8   9  10  11  12  
924
