14
 1   4  12  13   8   9   5   7  11   6  10   3   2  
 0   8   4   6   3   5   9  11   7  10   2  13  12  
12   6  11   4   9   7   8  13   3   5   1  10   0  
 9  10  13  11   1   8   6   4   2  12   5   0   7  
 8   0   1   2  10   6   7   3   5  11  12   9  13  
11  13   6   7  12   1   0  10   4   2   3   8   9  
13   2   5   1   7   4   3   8  10   0   9  12  11  
10  12   8   5   6   2   4   0   1   9  13  11   3  
 4   1   7   9   0   3   2   6  12  13  11   5  10  
 3  11  10   8   2   0   1  12  13   7   6   4   5  
 7   3   9  12   4  13  11   5   6   1   0   2   8  
 5   9   2   3  13  12  10   1   0   4   8   7   6  
 2   7   0  10   5  11  13   9   8   3   4   6   1  
 6   5   3   0  11  10  12   2   9   8   7   1   4  
1054
