14
10   3   2  12  11   8   9   7   5  13   1   6   4  
 2   9  12  11  10   4   7   8  13   5   0   3   6  
 1   6   0   7  12  10   8  13  11   4   3   5   9  
 4   0   6  13   8   9  10  11  12   7   2   1   5  
 3  10  13   6   7   1  11  12   9   2   5   8   0  
13  11   9   8   6   7  12  10   0   1   4   2   3  
 8   2   3   4   5  12  13   9  10  11   7   0   1  
12  13  10   2   4   5   1   0   8   3   6   9  11  
 6  12  11   5   3   0   2   1   7  10   9   4  13  
11   1   5  10  13   3   0   6   4  12   8   7   2  
 0   4   7   9   1   2   3   5   6   8  11  13  12  
 9   5   8   1   0  13   4   3   2   6  10  12   7  
 7   8   1   0   2   6   5   4   3   9  13  11  10  
 5   7   4   3   9  11   6   2   1   0  12  10   8  
990
