18
17   2  10  16   8   7  11  14  12   1   4   5   3   9   6  13  15  
16  17   2  15   7   6  10  13  11   0   3   4   9   8   5  12  14  
15   0   1  14   6   5   9  12  10  16  17   3   8   7   4  11  13  
14  16  15  13   5   4   8  11   9  17   1   2   0   6   7  10  12  
13  15  16  12  17   3   7  10   8  14   0   1   6   5   2   9  11  
12  13  14  11   3   2   6   9  17  15  16   0   7   4   1   8  10  
11  14  13  10   2   1   5   8   7  12  15  16   4   3   0  17   9  
10  12   9   8   1   0   4  17   6  13  14  11   5   2   3  15  16  
 9  11  12   7   0  16   3   6   4  10  13  14   2   1  15   5  17  
 8  10   7  17  16  15   2   5   3  11  12  13   1   0  14   4   6  
 7   9   0   6  15  14   1   4   2   8  11  17  12  16  13   3   5  
 6   8  17   5  14  13   0   3   1   9  10   7  16  15  12   2   4  
 5   7   8   4  13  17  16   2   0   6   9  15  10  14  11   1   3  
 4   5   6   3  12  11  15   1  16   7   8   9  14  17  10   0   2  
 3   6   5   2  11  10  17   0  15   4   7   8  13  12   9  16   1  
 2   4   3   1  10   9  13  16  14   5   6  12  17  11   8   7   0  
 1   3   4   0   9   8  12  15  13   2   5   6  11  10  17  14   7  
 0   1  11   9   4  12  14   7   5   3   2  10  15  13  16   6   8  
2062
