20
18  17  11   8   6   7  12   2  16  14   1   4   3  10   9   5  13  15  19  
17  16  10   7   5   6  11  19  15  13   0   3   2   9   8   4  12  14  18  
16  15   9   6   4   5  10   0  14  12  18  19   1   8   7   3  11  13  17  
15  14   8   5  19   4   9  18  13  11  17   1   0   7   6   2  10  12  16  
14  13   7  19   2   3   8  17  12  10  16   0  18   6   5   1   9  11  15  
13  12   6   3   1   2   7  16  11   9  15  18  17  19   4   0   8  10  14  
12  11   5   2   0   1  19  15  10   8  14  17  16   4   3  18   7   9  13  
11  10   4   1  18   0   5  14   9  19  13  16  15   3   2  17   6   8  12  
10   9   3   0  17  18   4  13  19   6  12  15  14   2   1  16   5   7  11  
19   8   2  18  16  17   3  12   7   5  11  14  13   1   0  15   4   6  10  
 8   7   1  17  15  16   2  11   6   4  19  13  12   0  18  14   3   5   9  
 7   6   0  16  14  15   1  10   5   3   9  12  19  18  17  13   2   4   8  
 6   5  18  15  13  14   0   9   4   2   8  11  10  17  16  19   1   3   7  
 5   4  17  14  12  19  18   8   3   1   7  10   9  16  15  11   0   2   6  
 4   3  16  13  11  12  17   7   2   0   6   9   8  15  19  10  18   1   5  
 3   2  19  12  10  11  16   6   1  18   5   8   7  14  13   9  17   0   4  
 2   1  14  11   9  10  15   5   0  17   4   7   6  13  12   8  19  18   3  
 1   0  13  10   8   9  14   4  18  16   3   6   5  12  11   7  15  19   2  
 0  19  12   9   7   8  13   3  17  15   2   5   4  11  10   6  14  16   1  
 9  18  15   4   3  13   6   1   8   7  10   2  11   5  14  12  16  17   0  
2890
