16
2 7 9 15 13 13 23 19 14 3 24 4 24 7 28 32 
26 4 21 20 27 5 9 4 6 32 16 18 6 11 20 7 
17 28 22 29 9 12 15 22 14 7 25 6 13 21 5 6 
24 26 26 19 30 2 22 4 1 5 21 7 15 8 13 31 
4 2 27 12 14 10 1 27 16 26 32 28 14 5 1 5 
30 26 23 27 28 13 30 28 17 18 2 32 26 15 30 29 
16 25 8 29 2 8 24 17 1 23 12 14 27 12 19 24 
6 9 19 1 21 16 28 6 2 30 5 27 12 2 23 27 
26 30 24 27 5 15 11 6 5 22 19 32 2 5 23 7 
14 9 7 2 25 2 7 26 31 11 20 10 13 10 5 6 
7 28 1 11 10 11 16 14 1 3 13 2 7 4 8 20 
12 14 22 4 15 28 29 14 7 16 23 19 25 27 24 31 
22 24 10 31 3 25 13 3 27 25 4 2 28 11 21 8 
24 10 11 6 6 8 19 12 23 10 30 16 4 21 14 26 
13 23 24 15 16 4 17 10 29 20 11 24 30 32 31 21 
9 10 26 14 17 13 25 7 22 22 22 25 11 4 18 23 
