18
19 17 30 32 4 1 5 25 6 32 32 36 25 9 22 29 8 2 
33 28 13 14 12 21 35 26 2 19 21 27 34 3 23 8 14 26 
24 18 31 30 13 26 9 18 34 30 10 22 11 22 13 4 15 24 
24 14 29 5 12 13 11 26 15 33 33 9 22 20 26 16 29 3 
5 18 20 19 27 9 4 2 30 16 5 24 3 8 17 11 28 29 
24 2 34 18 14 10 26 15 9 16 11 2 34 31 35 17 13 25 
5 16 26 14 31 10 1 13 33 18 24 24 26 27 5 23 8 34 
32 34 13 20 29 23 21 26 17 35 22 10 24 6 25 29 19 36 
3 35 12 15 16 15 3 21 5 23 23 29 21 34 6 13 18 34 
35 18 3 31 17 24 4 4 29 29 32 27 8 14 25 35 29 21 
14 11 5 34 13 8 26 33 5 11 9 22 8 23 4 26 34 20 
13 1 23 21 9 34 27 16 12 16 15 20 16 8 30 36 5 6 
7 11 19 12 1 7 13 9 10 16 34 7 35 27 7 1 27 32 
15 18 11 26 13 5 9 28 12 18 7 33 3 14 23 1 5 23 
8 17 11 33 13 25 3 27 31 25 28 21 20 6 18 31 11 10 
15 35 17 27 32 24 3 34 17 5 15 1 7 2 17 18 34 9 
22 36 36 16 24 7 16 8 28 14 18 2 23 32 16 4 2 11 
7 20 24 23 24 18 23 31 19 19 28 16 28 13 31 27 28 35 
