18
13 27 7 4 14 22 12 19 28 11 2 7 32 29 33 3 10 15 
17 11 3 6 25 3 8 6 15 11 12 27 6 4 33 12 24 11 
13 35 29 20 9 30 26 20 2 3 3 27 17 35 1 35 20 26 
17 8 11 32 18 3 2 3 6 34 30 29 24 6 7 16 25 15 
25 31 15 6 33 17 32 29 31 33 27 15 2 8 22 28 3 19 
30 20 21 36 17 30 8 5 15 15 36 3 9 5 13 23 10 25 
19 6 17 14 18 8 8 35 31 29 26 13 27 20 32 27 35 12 
20 6 32 34 20 32 16 29 36 9 15 9 33 14 30 14 27 27 
1 14 25 31 6 31 7 12 30 2 2 28 29 1 33 25 14 17 
20 9 25 19 17 3 7 14 32 17 27 22 7 27 35 12 1 20 
22 7 11 15 24 28 6 32 28 2 20 5 34 19 14 22 17 10 
5 24 23 36 20 29 2 26 35 16 17 35 16 2 21 26 16 24 
18 1 20 25 19 3 10 16 22 3 18 2 12 22 5 35 1 24 
27 2 30 6 34 26 4 13 28 5 18 23 28 35 4 11 4 22 
30 13 1 31 15 34 12 26 19 17 4 36 20 11 1 29 16 14 
19 19 26 26 3 8 28 31 22 31 21 25 16 14 1 33 24 31 
30 36 21 29 16 4 28 15 14 8 8 29 22 26 28 27 15 30 
14 6 4 36 17 25 4 32 18 21 8 6 15 18 21 15 10 16 
