16
7 30 18 22 28 6 28 29 5 6 11 21 12 8 22 26 
15 21 16 21 27 7 6 25 15 30 1 29 18 20 3 24 
17 20 13 12 25 9 9 29 14 19 17 26 26 7 19 9 
27 2 29 21 8 2 14 23 32 14 19 17 1 21 8 17 
8 20 29 1 28 5 29 10 23 14 3 16 20 21 24 14 
22 21 2 30 22 15 20 21 29 6 5 29 27 12 14 2 
32 10 2 27 14 31 4 4 12 6 19 31 26 11 12 16 
31 13 13 20 28 32 9 24 5 13 20 31 25 1 1 24 
10 2 18 23 32 22 26 11 27 13 9 21 23 20 4 21 
1 16 8 28 15 16 19 19 29 6 18 21 7 18 12 16 
19 29 7 19 18 32 29 13 12 6 1 2 25 4 22 25 
19 30 20 1 13 6 19 9 12 4 29 18 21 8 1 8 
5 7 26 22 7 22 2 18 27 2 20 20 5 9 12 23 
6 32 23 19 5 10 27 16 13 24 1 2 31 2 9 3 
8 2 25 14 23 26 32 18 28 19 5 32 27 16 23 1 
15 13 19 20 22 13 3 3 4 4 4 3 5 12 5 12 
