14
7 6 13 10 19 19 2 9 27 6 4 6 24 1 
2 25 26 7 4 13 20 11 9 28 16 20 24 20 
1 19 8 19 9 20 28 27 10 13 19 20 2 22 
10 25 22 11 21 3 17 8 27 9 19 8 20 18 
11 15 21 24 18 28 14 26 19 26 8 12 10 26 
4 12 3 13 20 9 7 25 11 23 4 22 15 6 
1 7 24 23 21 16 18 10 16 4 19 18 13 26 
2 6 7 17 17 10 13 21 18 19 17 12 25 20 
5 12 26 17 18 21 12 22 8 1 16 7 16 6 
25 12 16 10 18 22 26 18 3 22 10 4 12 26 
16 8 18 20 3 27 9 20 3 4 14 22 16 13 
1 16 18 9 27 5 18 16 11 27 6 25 20 15 
1 15 13 16 22 14 19 9 24 11 28 26 14 25 
19 2 9 19 17 11 11 27 27 28 15 9 26 4 
