14
16 1 15 4 6 12 18 3 12 2 15 15 25 3 
24 6 19 23 9 12 4 17 28 13 22 6 3 4 
8 22 8 7 23 6 10 12 18 11 26 13 12 25 
11 20 27 6 25 17 28 6 13 3 22 12 15 27 
17 1 14 8 23 5 26 1 23 8 24 24 2 22 
8 14 18 2 5 16 8 14 17 7 3 13 22 8 
24 20 7 24 5 4 3 11 9 12 11 3 19 18 
26 21 11 17 18 12 18 6 12 9 19 12 28 21 
24 5 1 19 24 19 26 28 22 12 10 14 23 4 
16 26 22 25 2 16 25 19 12 27 24 23 7 27 
6 18 3 1 22 15 3 18 5 12 1 11 23 23 
24 1 10 24 26 15 4 27 15 1 17 26 11 25 
4 1 7 9 19 9 21 12 24 7 13 12 2 26 
6 24 4 2 24 13 9 6 12 12 4 26 24 5 
