18
13 23 22 4 36 3 21 3 14 36 22 32 26 28 15 29 14 3 
11 16 13 29 34 4 25 5 16 35 11 23 33 23 25 18 26 5 
36 10 23 30 25 8 25 14 35 19 7 28 1 33 23 13 25 20 
32 29 5 27 28 15 29 24 2 18 22 27 2 1 17 24 30 5 
31 34 19 9 17 5 36 17 1 2 10 5 21 5 34 5 32 5 
20 24 28 21 21 29 27 22 30 23 25 3 28 19 1 26 7 17 
10 22 13 26 23 22 30 24 27 7 28 2 11 11 5 19 11 26 
27 18 27 36 4 16 3 11 14 3 36 21 35 25 22 27 14 9 
13 8 32 19 30 23 36 21 14 4 19 4 29 25 1 36 25 5 
15 27 31 8 9 31 8 23 19 30 13 33 2 5 20 13 3 29 
35 2 29 28 6 11 12 14 36 12 13 24 16 7 30 27 15 2 
21 2 4 19 31 16 31 12 1 30 24 3 3 3 5 31 10 10 
6 21 23 21 33 36 24 28 22 33 18 16 14 18 18 17 17 28 
32 11 4 12 21 7 15 23 9 19 17 19 28 2 3 30 2 15 
9 5 7 31 1 24 10 14 22 27 30 2 35 6 12 2 17 12 
8 11 34 33 29 31 31 36 12 33 30 30 28 18 34 34 12 35 
1 2 28 22 8 22 23 6 7 15 23 3 26 11 14 4 7 22 
14 1 22 25 13 31 18 4 12 32 1 4 30 18 21 1 3 28 
