20
33 32 14 10 8 4 24 28 26 24 17 19 19 27 38 37 11 13 9 13 
15 28 11 10 30 2 24 9 26 32 35 18 23 40 27 23 35 2 10 21 
25 19 31 4 5 20 32 8 24 1 12 39 20 22 8 9 15 23 17 40 
6 3 10 29 34 28 3 29 30 12 9 6 22 31 9 27 10 33 26 34 
33 37 32 4 19 31 12 33 5 20 25 11 15 34 31 8 21 33 28 2 
4 28 8 26 18 8 4 20 40 29 13 32 17 36 27 27 18 30 20 22 
10 36 32 16 21 22 15 33 14 3 35 10 30 34 27 40 1 22 19 1 
2 23 24 18 18 11 5 35 40 16 16 1 11 40 8 23 21 23 15 27 
25 9 36 6 2 14 37 3 35 15 35 36 37 18 13 6 28 9 32 20 
16 40 12 18 39 20 40 19 2 15 37 18 23 32 15 17 5 12 11 31 
18 5 26 7 22 31 12 2 31 4 13 7 35 24 24 33 3 24 11 36 
38 8 13 12 31 28 28 28 31 38 10 8 34 36 14 16 18 18 9 8 
13 21 6 7 4 30 39 7 5 1 34 34 40 7 37 23 26 25 10 16 
14 19 15 8 6 29 15 15 38 23 15 10 3 20 16 38 1 6 36 37 
6 30 30 6 28 27 28 13 3 29 20 8 39 34 7 37 14 13 11 3 
27 17 12 21 37 19 19 29 24 14 26 30 35 7 27 22 25 6 26 19 
26 5 19 16 31 25 12 36 30 15 39 16 23 2 37 11 21 15 40 36 
20 17 25 15 15 3 28 32 40 14 10 25 10 28 33 32 5 36 28 34 
2 18 9 25 11 37 35 31 11 26 27 23 34 3 29 9 38 16 40 37 
21 1 14 31 29 6 22 25 1 1 10 3 10 10 27 21 7 13 3 9 
