20
8 3 39 6 28 26 1 20 5 40 30 37 2 19 36 37 2 6 9 11 
21 12 24 1 32 30 38 39 23 1 32 30 35 22 36 23 7 28 34 11 
19 23 8 20 2 35 8 35 32 17 5 12 28 28 4 19 9 1 9 32 
34 1 13 20 22 8 34 21 27 27 31 5 10 30 24 3 24 32 37 8 
40 1 19 27 21 23 37 29 15 6 20 8 38 25 20 11 24 13 31 11 
40 14 15 1 35 31 35 19 14 31 18 13 23 36 39 35 10 35 24 25 
32 35 24 29 19 3 32 3 8 22 13 7 27 19 39 22 1 33 32 14 
15 9 18 37 4 16 32 6 3 7 22 34 33 37 15 12 32 6 6 39 
19 10 37 6 28 35 19 29 19 10 34 33 18 12 21 13 19 4 10 21 
10 31 7 3 28 21 6 19 18 11 9 36 20 5 1 39 39 19 19 17 
20 13 1 29 16 21 2 34 25 3 15 26 34 21 28 13 33 33 31 10 
35 31 5 6 35 38 5 25 8 23 1 28 27 33 16 2 13 9 36 29 
12 2 15 37 14 34 9 6 19 31 7 13 21 3 19 7 40 15 31 40 
37 23 27 16 15 34 9 19 35 36 8 38 37 22 26 2 15 26 39 25 
16 5 38 28 8 8 34 39 22 24 38 10 38 16 25 12 2 34 30 28 
29 37 25 18 10 10 11 17 35 10 1 2 6 30 21 13 37 6 4 10 
21 33 20 18 9 4 29 2 29 10 29 10 39 13 19 8 14 29 16 40 
38 17 33 4 38 13 8 35 10 3 4 30 36 15 7 36 11 35 37 39 
36 25 40 34 29 18 2 34 7 9 33 36 25 17 31 15 21 31 9 30 
33 4 19 20 19 25 15 21 11 11 19 6 35 11 32 23 28 25 8 26 
