14
18 1 18 18 15 14 17 21 11 7 1 6 18 12 
3 15 9 6 28 1 8 28 11 19 27 10 18 25 
2 28 28 19 12 1 20 27 15 8 3 9 27 15 
15 16 26 1 14 18 18 14 19 26 13 13 16 23 
6 17 19 20 16 18 10 12 19 14 10 17 21 24 
9 19 10 7 18 7 8 16 9 9 1 27 6 25 
23 21 20 13 10 22 4 9 24 25 20 26 10 13 
14 15 8 6 5 1 13 7 8 4 22 28 12 6 
10 18 14 4 10 17 16 3 11 3 12 6 28 15 
3 9 28 28 23 19 5 12 20 1 2 11 4 7 
10 16 12 19 17 9 6 10 26 22 25 8 24 20 
25 7 6 27 16 17 10 22 8 14 17 11 27 18 
21 2 24 14 1 19 4 1 28 9 11 9 14 7 
16 22 26 24 28 15 22 15 4 3 21 23 28 9 
