20
38 22 37 22 12 25 11 31 40 16 8 6 25 15 1 27 10 26 15 24 
1 32 2 40 10 12 9 9 21 26 29 18 8 25 31 11 1 33 1 40 
9 9 5 33 15 6 11 24 23 26 39 23 9 1 14 18 12 14 27 24 
40 7 1 7 23 31 9 23 24 9 15 32 9 19 16 15 16 26 30 38 
11 29 12 11 21 18 29 24 31 7 7 30 5 7 28 27 29 28 9 12 
29 23 35 37 34 10 4 1 28 33 31 38 13 2 1 33 19 29 8 2 
27 14 23 31 12 11 9 1 38 9 4 26 24 31 15 17 40 10 9 27 
34 39 17 7 33 17 31 11 37 39 4 15 12 27 37 16 37 5 8 26 
13 11 4 36 33 10 4 25 19 13 11 4 11 19 10 3 27 1 6 15 
31 9 29 2 35 17 9 23 21 16 1 34 19 36 21 11 5 25 35 15 
29 38 18 39 8 20 34 27 12 31 1 2 39 22 35 26 38 4 8 19 
11 40 4 29 35 24 32 31 40 26 37 28 15 7 19 23 26 12 9 29 
2 1 30 32 22 24 17 12 19 17 30 30 8 25 10 3 8 1 25 40 
27 22 27 33 28 5 15 5 16 15 33 9 16 14 33 29 37 1 40 8 
9 21 37 17 5 6 11 5 7 35 4 25 8 30 9 27 27 16 23 34 
30 15 3 37 28 35 18 17 27 17 24 36 38 12 12 34 9 22 30 7 
8 33 31 16 15 32 2 1 7 25 34 36 31 28 25 11 14 2 19 1 
10 34 36 39 37 7 33 5 20 22 12 27 7 34 34 21 25 28 13 31 
12 6 19 34 26 35 36 39 36 14 39 37 39 34 36 35 40 20 40 11 
1 11 38 39 36 31 11 21 10 23 3 21 21 21 7 6 15 2 4 2 
