16
26 10 5 9 13 21 19 9 8 29 1 5 28 31 25 5 
8 18 18 24 30 11 31 19 32 20 12 10 23 29 32 17 
6 4 25 19 24 11 27 31 8 27 3 3 26 27 7 1 
13 25 25 10 3 23 29 2 10 8 12 1 4 11 17 10 
15 9 28 6 20 22 5 27 17 7 29 10 2 4 10 14 
28 2 23 30 24 19 31 2 26 10 2 30 21 18 7 3 
26 2 8 13 23 12 7 7 19 4 16 20 7 26 1 2 
27 23 31 19 10 29 20 3 7 21 32 27 6 6 29 31 
7 4 12 30 16 18 4 2 21 20 21 27 13 21 28 7 
11 26 25 20 23 12 23 29 32 22 23 5 28 19 4 2 
22 15 31 5 32 3 6 21 22 26 15 2 14 11 8 25 
4 1 12 26 12 2 22 12 24 12 16 19 30 19 20 20 
1 19 24 1 21 30 21 10 23 3 11 5 13 18 29 17 
18 8 10 30 10 32 9 1 11 24 19 9 11 6 28 11 
24 19 11 12 16 31 21 7 2 31 11 14 17 7 30 2 
14 8 31 23 7 7 23 17 31 9 25 9 15 20 19 6 
