16
 4  2  9  7  6  2  4  1  7 12  6  3 19 17 15  8 
 3  0  4  4  4  8  8  1 10  2  1 10 17 19  5  8 
 2  8  6  8  2  1  3  8 13  4 12 15  3  8  4 11 
 8  3  1  6  8  2  4  7  3  1  2  5  1  5 10  9 
 1  1  2  0  2  2  3  5  7 12  6 11  4  9  4  4 
 8  7 10  5  8  7  1  1  3  5  7  1 12  2  9  2 
 6  9  3  3  5  3  4  5  3  0  5 10 11 10 14 10 
 5 12  1  1 10  4  4  7  4  1  1  4  4 10  1 15 
 8  7  0  7  2  9  0  5  5  8  3  4  7  5  8  0 
 7 14  6  3  5  2  1  5  0  3  5  9  2  8 11  2 
 6  1 10  6 13  3  1  3  6  5  5  4  2  8  8  7 
14  5 16  3  4  4 12  9  4  5  5  0  0  4  3  8 
15  5  5 11  3  5 10  0  2  5  8  0  5  3  5  4 
19  5 15  5  8 11  1  6  3  8  5  8  0  1  3  4 
17 18 16 17  5  9  1  4  6 12  8  1  4  7  7  1 
22 17 16 10 10 14 15 13  7 12  8 11  2  1  6  5 
