20
 1  3  3  3  5  2 14  2 16  3  3  4 11  3  6  7 23 22 23 23 
 7  9  1  0  0 11  1  3  5 12 10 19  1 10 19  7 16 20 24  9 
 3  9  6  3  5  1  0  5  9  2  2  6  1  5 17  3  5 19 19 17 
 1  4  8 10  4  9  4 10  1  8 15 13 12  2 20 20  4 21 13 20 
12  6  6  2  1  0  4  4  9  4  9  0 12 13 15 20 14 14 19 13 
 2  7  8  0  1  4  3  1  4  1  2  3  3 15 12  1  8 11 15  6 
14  0 12  3  4  4  5  5  8  4  6  7 12  4  2  3 13 20  7 19 
 3  3 12 12 11  6 10  7  6  4  5  4  4  2 15  1  6 14 18 18 
15  2  4  8  6  7  2  4  9  6  7  2  2 14  1  4 11  2 16 18 
 6  6 16 12  5  3 11  2  6  3  3  8  2  0  1  5  3  6 14  6 
15 15  1  1  3  2  3  6  6 10  8  0  8  2 11  3 14 12 10 13 
16 10  5  2 13  0  0  9  5  4  8 10  0  4  3 10  2  3  6  3 
20  8 14 17  6  9  3 14 13  2  5  3  2 10  2  3  2  3 15  5 
 3 14  9  1  8  2 15  8  2  1  3  6  2  6  3  1  7  1  1  8 
15 22 20 20 11  0 13  4  5  2  9  2  3  7  1  9  8  6  1  1 
 5 19 21 21  4 10  6  2 13  9 11 13  2  6  1  2  6  3  8 10 
10  7 22 19 20  2  8 18 12  2 11  9  6  6  2  5  5  4  8  4 
17 22  7 19  5 14 16 18 17  8  3 10  0  2  5  5  8  1  5  3 
24  8 24 14 18  7  7  3  9  4  3  8  9  3 13  8  8  5  5  1 
26 20 12  8 13 11  8  8 11 12 16  5 10 11  3  6  4  5  7  2 
