18
 6  4  4  7  1  0  6  2  8 17 17 19  3 11 13 18 19 17 
 4  1  9  7  5  1  9  5  4  8  6 13 12  6 10  7 20 15 
 1  2  0  5  4  1  7  3  9  2 11  4  9  6 14 11  9 10 
 7  7  2  8  1  7  3 12 12 13  1 11  6  6 18 16 21  6 
 5  3  4  3  1  5  8  6 12  2  2  1  7 17  4  3 19 14 
11  3  2  6  4  0  2  1  7  1  0  7  4  1  1  8 15 14 
 1  5  4  5  6  7  5  4  7  0  2  6 13  2 15  6 13  2 
12  3  5  2  2  6  9  1  5  9  9  4  4 12 14 16 16 12 
11  1 10  2  0 10 10  5  8  5  1  3  9  2  4  3  6 11 
16  3  2  8  2  8  6  3  3  5  0  0  2  3  4  2  7 10 
 1  6 12 13  2  1  1  9  4  5  7  0  3 10  7  2  7 10 
18  9  5  8  3  8 12  6  7  2  4  7  8  5  2  6  5  5 
15 15  6 13  5  4  2  5  1  7  4  4  1  1  4  5 11  2 
 8 18 19 16  0 10 14 11  0  1  0  6  6  7  1  7  6  8 
 9 17  7  8  8 16  0 11  4  2  1  0  1  2  8  3  6 11 
22 22 15  3  6 18 14 15 14  0 12  3 10  7  7  8  1  1 
24 14  6  8 11  5  9 14  8  5  2  7  1  9  1  8  7  4 
23 17 17 16 15 10  3  8  8  0  6 10  3  2  3  2  2  0 
