20
 3 10  8  0  6  5  3  1 10 13  2  9  2 21 19  8  6 13 12 24 
 4 10  0  3  6  2  1  4  5  9  5 13 12  4 16 15  7 18 14 14 
10  8  4  9  8  2  8  7  3 15 17 11 11  9 12  7 12 19 23 15 
 2  5  7  2  4  1  5 13 14 15  2 16 12  0  9 15  4  6 22 15 
 5  9  7  3  6  2  0  6 11  0  9 12  6 14 15  6 16 10  8 19 
14  4  3  4  7  2  8  7  8  8 11  4  7  8 11  6 14  2 14 15 
 2  0 12  1  4  4  2  2  7  9  7  7 14 14  2 11  1  2  2 11 
12 12  3 11  1  8  6 10  4  1  4 13  1  3 14 14  5  9 16  9 
16  5  7  3 11  8  7  2  6  8 11  4  3  3  8 13  2  7 16 14 
 6 17  1  7  7  4 12 10  2  5  9  7  8  3  5  1  2  1 15 13 
 4 14  7 10 11  4  5  9  7  8  1  9  0  7  5  7 12  0  9 18 
11  9  0  3  7  7  5  9  1  2  8  8  5  6  8  3  2  5  2 15 
20 16 17  6  1  2 15  4 10  5  0  3  7  8  3  7  2  9  5  7 
 3  4 13  6  3  2 13  4  4  7  2  1  9  8  3  7  4 12  5  3 
16 22 15 17 12 16  8 14  7  6  1  4  6  9  0  1  4 11  4  4 
16 15  3 14 11 19  4  1  6 12  4  5  0  6  8  9  2  1  9  8 
17 21 14  8 10 13  7  1  8  7  9  8  5  6  9  2  2  6  5  6 
26 20 20 22 11 14 10 12 11 16  3  1  9 10  7  6  1  3  5  2 
17 14 10 16 16  4 16 18 16  6  8  4  9  0  1  7 10  6  4  7 
22 20 12 25  6  9  4  3  5  7 11 12 11  4 12 12  6  3  6  8 
