20
 0  2  4  4  1  2 14  5 15  3 10 15 10 10 12 21 21 21 10 26 
 9  2  7  3  0  2  2  7  6 15  2 19 18  9 17  8 15 19 19  8 
 1  6  4  8  6  8  7  4  3  5  5 18  0  4  4 22  4 23 16  8 
 8  6  4  2  4  1 10 10  5  3 13  1 15 14 19 21  4  8 13  8 
 2  0  5  5  1  1  7  4  0  1  0 10 10 16  6  6 19 18  5 22 
11  3  4  3  7  1  5  9  2  2  7  5  9 15  4 15  6  3 13  7 
15  1 11  4  4  6  2  8  2  5  4 13  1 10 13 10  3 12 11  3 
13  9  5  6  3  1  6  2  1  9  4 13  2  8  1  5  6  3  1 11 
 3  0  4  5 10  8  4  2  3  4  4  8  0  9 11  5  1  1  8  3 
18 10 10  2  1 10  5  4 10  4  4  8  2  7 11 14  2  2  8  8 
13 12  1  8 15  5  6  6  4  1  5  6  8  1  1  0 12 16  7 14 
15  2  2 13  5  4  8  3  7  5  0  4  1  4 10  2  9 13  2 16 
20  9  1  9  6 15  3 12  4  9  4  5  1  1 11  4  2  0  8  3 
11  3 19  8  4 14 13 15  0  3  2  5  0  8  3 10  7  7 10  6 
 6 22  8 14  7 17 14  4  1  3  6  4  1  9  7  5  2  5  1  7 
 6 10 10 13  9 13  0  6  4  4  6  3 12  1  5  9 10  6 11  8 
16 23 13 14 11 14 17 14  3  1 15 13  2  0  7  1 10  5  8 12 
 9 25  5  6  4 16 14  0 15  9  4 14  5 10  2  3  8  4  3  2 
 8 25 11  5  9 21 10 18 13 16 15 12  4  4  3  2  4  7  8  3 
23 17 10 22 22 16 10 21 12  5 16  1  0 10  1  6  6  4  9  4 
