14
 2  3  4  2  8  5  6  4 12 10 11  9  5 16 
 1  5  1  6  4  1  2  1  8  2  3  9 16  8 
 4  6  7  2  2  3  1  0  1 12  7 12  7 16 
 9  3  3  3  5  5  3  4  2  1  7 14  3  9 
 2  7  2  6  2  1  3  3  3  5  2 13  4 10 
 5  2  2  1  2  6  3  4  4  7  0  1  8  8 
 0  5  9  1  0  1  4  6  6  0  8  7  8 13 
 8 11  5 10  1  6  2  4  5  8  0  6  5  3 
12  2 11  9  6  4  5  6  6  5  4  6  2  4 
 8  1  5 11  8  7  6  7  2  7  3  2  9  9 
13  8  3  7  5 10  1  2  1  6  5  2  3  3 
 4  8 14  5  6  2  1  3  8  6  6  3  3  1 
12 12  7  3 13  4  5  3  0  5  0  3  2  3 
19 14 13 15  3  8  0  4  6 10  1  1  4  3 
