16
 3  6  1  1 10  1  8 13  4 11  9 12 13  8 10 12 
 4  7  6  9  4  4  4  4  0  9 15  2  9  8 15  7 
 1  7  1  4  4  3  2  3 10  8 15  6 14  6 14  5 
 2  5  8  4  3  0  5  1 12  6  4  6 14  2 10  6 
 4 10  0  5  7  1  2  8  3  4  1 13 11 14 16 17 
 6  9  3  7  4  4  5  3  0  3  6  0  6  0  5  9 
13  7  5  5  4  6  6  3  3  4  2  1 12  1  2  8 
12  2  1  4  5  0  4  3  7  6  2  1 10 10 12 12 
 6  5 11  6  4  6  7  6  4  8  1  5 11  4  0 11 
12  6 11  9 10  4  4  5  5  0  7  3  1  9  3  9 
 6  4  4 11 12  2  9  5  6  5  4  8  3  1  7  1 
16  9 16 10  6  2  2  0  4  1  6  5  4  3  3  3 
10 15  5  5 13  1 12 10  2  2  6  4  1  0  9  1 
20 18  3  8 16  5  9  6  8  4  0  8  4  6  2  4 
16 13 10 11 10  6  5  9  6  1  1  4  3  3  0  1 
 9 14 20  5 17 11 10  9  0 13  4  9  8  6  8  1 
