14
 6  0  5  1  4  5 11  2 10 13 11  5 13 15 
 5  5  1  8  1  4  1 11  3 10  7 11 10 10 
 8  6  1  7  1  4  1  9 12 12 12  8 13  9 
 3  3  6  1  4  0  0  2 10  6  4  3  2 10 
 7  0  7  3  3  2  1  4  7  7  4 10  6  2 
 2 10  1  3  5  5  6  3  3  1  5  5  7 10 
 5  6  0  2  7  7  2  5  1  2  6  2  8 13 
 8  1 11  6  8  4  5  4  3  8  9  7  0  4 
 1  7  1  4 10  3  1  4  6  4  6  1  1  2 
 5 12  1 11  7 10  3  2  6  1  3  2  3  1 
14  9  8 12 12  4  1  8  2  3  1  0  6  1 
15 16 10 14  8  6  9  0  2  1  3  1  4  7 
12  5 15  7  8  4  2  4  7  1  3  5  7  5 
14 14 16  6  8  5  2  1 10  8  0  1  5  4 
