14
 1  1  5  3  8 10  1 10  3  9 16  9  7  8 
 7  2  1  5  1  9  4  3  3  8 11 15 10 17 
 3  5  5  5  1  6  7  2  7 11  9 13  7 11 
 4  1  3  6  5  7  4  3  7  1  4 13  7 14 
 7  6  5  5  2  6  3  7  4  0 10  1 14  5 
 8  2  4  6  1  4  2  2  4  3  1  8  1  7 
 4  2  0  4  7  7  4  1  5  1  0  1  4 12 
 4  2  0 10  0  5  4  1  6  3  5  7  1  9 
 4  2  1  6  3  0  3  3  4  1  3  9  3  7 
 4 13  6  4 11  5  0  4  4  5  3  7  4  1 
 9  5 14  9  4 11  1  6  2  4  6  1  5  1 
 8  9 15  6  4  4  6  2  7  7  3  4  4  7 
15 12 16  4 13 10  9  1  4  8  6  5  1  2 
 6 13 16  5  3 12  7  2  0  2  1  8  5  1 
