18
 3  8  2  4  3  2  8 12  0  1 13 19 17 12 12 11  8  8 
 2  6  2  7  2  9  7  6  0 13  0 13  5 14 14 13 17  7 
 5  4  4  4  2  1  6 13 10 15  3 15 16 17 19  7 18  8 
10  0  3  7  7  3  2  2  3  3  9 11  1  5 16 15 20  6 
12  1  6  5  3  5  3  4 11  4  0  8  7  1 18 19 20 20 
 3  0  5  1  2  2  8  2  7  9 13  8 12 15 16 16 13  6 
13  1  0  9  2  0  2  9  1  2 12  1  3  4 10  2 14 19 
 9 10  2  1  2  6  7  5  7  6 11  4 12 12  8  2 10  3 
11 13 14  2  4 10  0  8  6  8  5  8  8  7  4 13 14 15 
14 11 15  9  3 11  3  1  4  2  1  3  7 12  2 10  1  0 
10  7  0  8  0  3  1 11  3  6  5  1  4  5  4  5  2  7 
 9  7 15  0 15  1  0  6  4  3  4  6  3  6  2  0  0  7 
 7 12 10 15  5  3  1 12  9  0  0  9  6  4  2  4  7  1 
16 17 16 15  0  1 14  0  7  1  2  8  6  4  2  2  4  5 
14 16  9  5  1 13  2 13  3  4  0  6  2  8  5  3  5  6 
 9 13 19 16 13  5  8  6 13  9  7  0  1  7  9  2  5  9 
12 10 16 15 14 19 10  2 14  1  3  3  8  1  7  0  7  1 
18 16 18 10  7  6 12  9  1  7  2  0  0  0  1  8  6  9 
