16
 6  6  5  0  2  0  9 13  2  8  6 15  9  8 10 11 
 8  8  3  0  7  4  0  2  6 15  5 16  7  9  6 13 
 3  4  4  2  0  2  3  5 13 11  5  5 17 12 13 19 
 4  3  3  3  5  2  5  1  4 12  0 11  4  5  5 10 
 2 10  9  5  2  0  2  0  1  6  8  1  3  4  3 15 
 3  1  3  4  6  4  2  2  5  3  3 11  9  2  5  2 
 1  0  8  3  4  7  5  6  4  2  4 10  8  0  9  2 
 5  9  0  0  2  3  1  7  7  2 10  6  8  1  9 12 
 6  5  2  2  2  3  8  7  1  7  7  1 11  4  3  5 
 3  8  9  8  2  2  6  5  4  2  4  0  8  1  1  2 
13  8  5  1  7  0  2  3  4  7  2  6  1  6  3  6 
 7  3  4  5  3 13  4 11  4  4  2  1  1  1  6  1 
18  3  7  8  3  7  8  2  4  5  1  8  4  7  2  5 
 5 16  8  6 12 12  2  2 12  4  6  1  8  2  3  8 
12  5  9 13 10 16 15  1  2  3 11  7  1  0  4  2 
10  7 14 18 17 14  4 13  3 12  1  1  0  8  6  3 
