18
 5  1  3  1  4  3 14  0  0 12  9 19 12 19 11 19 18 11 
 6  7  6  7  9  3 13  1 11 12  7  6  9  4 18 14 10 23 
 1  6  7  1  7  1  2  1  1 11 13 13 15 18 18 18 16 17 
 2  3  5  8  5  7  3  3 13 14 15  2 15  8  5 15 19 21 
 4  2 10  7  6  6  5  3  5  3  3  1  1 10 10 13 11 16 
 7  6  4  1  2  8  2  1  1  8  4  1  7 16  6 10 18  4 
 0  6  5  5 10  8  4  8  0  2  2 11 14 15  7  1  8 18 
 1 14  0  3  5  5  2  7  9  7  3 10  9  9  3  4  6  6 
 1  1  2  5  0  2  3  6  4  4  3  7  3  1  7 11 10  3 
13  0  2 10 11  6  2  3  2  5  5  3 11 10  5  3  2 11 
 7  8 14 10  3 13  0  3  5  7  7  5 10  9  9  3  5  7 
14 18  1 15 11 11  4  7  4  8  2  5  0  9  3  0  4  0 
 5 15 11  4  8 10 12  4  5  3  2  8  9  5  8 11  5  6 
15 11  4  4  4 11 14  9  5 12  9  8  8  8  3  4  5  5 
10 20 11 15  8 15 13  3 13  5  1 10  5  7  4  6 10  1 
21 18  5  7 14 15  1 11  9  7  1  7  4  4  0  7  2  6 
18  6  5 12 13  4  7 10 14  7  7 10 11  1  2  7  0  7 
19 16 20  9  5 20 16 11  8  3  4 12 13  5  7  8  0  6 
